14
11 450,100 470,50 460,60 470,0 500,20 550,10 510,50 540,30 550,80 540,60 550,100
4 0,0 100,0 100,100 0,100
4 10,10 10,90 90,90 90,10
9 10,120 80,120 40,140 120,120 120,152 48,150 120,200, 50,160, 10,150
15 310,10 320,10 360,60 370,0 430,30 415,60 380,45 400,100 360,90 410,120 360,150 330,100 340,80 315,55 320,30
4 200,0 300,0 300,300 290,10
6 150,10 190,40 230,20 230,200 180,90 160,150
9 160,210 190,210 200,230 210,210 230,220 250,210 270,270 290,210 300,310
9 10,210 40,210 50,230 60,210 80,250 100,210 120,270 140,210 150,310
4 320,160 450,160 450,300 320,300
3 335,195 350,180 330,170
9 460,180 550,180 530,160 580,110 630,160 580,210 560,190 560,280 460,280
4 480,230 510,260 540,230 510,200
4 560,180 600,180 600,140 560,140